image_width: 2048
image_height: 1536
camera_name: head_cam
camera_matrix:
  rows: 3
  cols: 3
  data: [3469.593424, 0.000000, 1041.348981, 0.000000, 2901.224006, 708.905438, 0.000000, 0.000000, 1.000000]
distortion_model: plumb_bob
distortion_coefficients:
  rows: 1
  cols: 5
  data: [-3.058892, 7.632004, 0.005852, -0.007925, 0.000000]
rectification_matrix:
  rows: 3
  cols: 3
  data: [1.000000, 0.000000, 0.000000, 0.000000, 1.000000, 0.000000, 0.000000, 0.000000, 1.000000]
projection_matrix:
  rows: 3
  cols: 4
  data: [2511.810791, 0.000000, 1029.132763, 0.000000, 0.000000, 2153.233643, 690.668810, 0.000000, 0.000000, 0.000000, 1.000000, 0.000000]
