image_width: 2048
image_height: 1536
camera_name: head_cam
camera_matrix:
  rows: 3
  cols: 3
  data: [797.294181, 0.000000, 1012.465826, 0.000000, 801.291089, 637.613403, 0.000000, 0.000000, 1.000000]
distortion_model: plumb_bob
distortion_coefficients:
  rows: 1
  cols: 5
  data: [-0.279078, 0.052609, 0.003022, 0.000716, 0.000000]
rectification_matrix:
  rows: 3
  cols: 3
  data: [1, 0, 0, 0, 1, 0, 0, 0, 1]
projection_matrix:
  rows: 3
  cols: 4
  data: [550.901001, 0.000000, 1013.368638, 0.000000, 0.000000, 573.300964, 615.094091, 0.000000, 0.000000, 0.000000, 1.000000, 0.000000]
