camera_name: rgb_A00366909204046A
frame_id: /head_cam3d_link
image_width: 640
image_height: 480
camera_matrix:
  rows: 3
  cols: 3
  data: [524.5192553286296, 0.0, 313.87196163261933, 0.0, 524.2817093917944, 257.915073962462, 0.0, 0.0, 1.0]
distortion_model: plumb_bob
distortion_coefficients:
  rows: 1
  cols: 5
  data: [0.28918332114419626, -1.152461310016474, 0.0005863232171468967, 0.0008733469588135024, 1.809963660571418]
rectification_matrix:
  rows: 3
  cols: 3
  data: [1, 0, 0, 0, 1, 0, 0, 0, 1]
projection_matrix:
  rows: 3
  cols: 4
  data: [573.6036376953125, 0.0, 315.4409118621479, 0.0, 0.0, 570.76025390625, 255.08334344872856, 0.0, 0.0, 0.0, 1.0, 0.0]
