camera_name: rgb_A00366909204046A
frame_id: /head_cam3d_link
image_width: 640
image_height: 480
camera_matrix:
  rows: 3
  cols: 3
  data: [523.6620830380731, 0.0, 313.92587751722743, 0.0, 523.5203795848927, 258.78558052440366, 0.0, 0.0, 1.0]
distortion_model: plumb_bob
distortion_coefficients:
  rows: 1
  cols: 5
  data: [0.2838352894397549, -1.1282997333024047, 0.0015006430373951138, 0.0009355199535266032, 1.7656463778411562]
rectification_matrix:
  rows: 3
  cols: 3
  data: [1, 0, 0, 0, 1, 0, 0, 0, 1]
projection_matrix:
  rows: 3
  cols: 4
  data: [572.1386108398438, 0.0, 315.5059473293695, 0.0, 0.0, 569.3956909179688, 256.2000208187201, 0.0, 0.0, 0.0, 1.0, 0.0]
