camera_name: rgb_A00366909204046A
frame_id: /head_cam3d_link
image_width: 640
image_height: 480
camera_matrix:
  rows: 3
  cols: 3
  data: [522.5742383666161, 0.0, 312.93810268868793, 0.0, 522.3442970619278, 258.81796888088684, 0.0, 0.0, 1.0]
distortion_model: plumb_bob
distortion_coefficients:
  rows: 1
  cols: 5
  data: [0.2798736213725021, -1.1439644220099816, 0.0016396948775241542, 4.148253029431932e-05, 2.036449873002289]
rectification_matrix:
  rows: 3
  cols: 3
  data: [1, 0, 0, 0, 1, 0, 0, 0, 1]
projection_matrix:
  rows: 3
  cols: 4
  data: [585.6871948242188, 0.0, 315.2359560243167, 0.0, 0.0, 581.9376831054688, 255.13939588423818, 0.0, 0.0, 0.0, 1.0, 0.0]
