camera_name: left
frame_id: /head_color_camera_l_link
image_width: 1360
image_height: 1024
camera_matrix:
  rows: 3
  cols: 3
  data: [1448.8186525795029, 0.0, 678.79941420741238, 0.0, 1445.8819679214996, 509.50852466715526, 0.0, 0.0, 1.0]
distortion_model: plumb_bob
distortion_coefficients:
  rows: 1
  cols: 5
  data: [-0.26145843232152305, 0.25963048107364839, -0.001054578520023462, -0.0012429358797338638, -0.10082315658484246]
rectification_matrix:
  rows: 3
  cols: 3
  data: [0.9999680176588035, 0.0055221568449865099, -0.0057852781525586728, -0.0055103642654666012, 0.99998271174802622, 0.0020523378682752525, 0.0057965114668197381, -0.0020203932397076883, 0.99998115905549545]
projection_matrix:
  rows: 3
  cols: 4
  data: [1454.0804393905191, 0.0, 687.68875122070312, 0.0, 0.0, 1454.0804393905191, 514.61158752441406, 0.0, 0.0, 0.0, 1.0, 0.0]
