camera_name: left
frame_id: /head_color_camera_l_link
image_width: 1360
image_height: 1024
camera_matrix:
  rows: 3
  cols: 3
  data: [1450.1369477263022, 0.0, 671.30365856184892, 0.0, 1446.4064905338262, 504.5966974670302, 0.0, 0.0, 1.0]
distortion_model: plumb_bob
distortion_coefficients:
  rows: 1
  cols: 5
  data: [-0.25463305657073582, 0.18442126462527345, -0.0010702772151842596, -0.0014474999376366648, 0.049594221434426364]
rectification_matrix:
  rows: 3
  cols: 3
  data: [0.99995813322764393, 0.0075743852617814033, -0.0051342457860724345, -0.0075618561938227951, 0.99996839434455431, 0.0024553294845909568, 0.0051526811263300385, -0.0024164022595723751, 0.99998380530753106]
projection_matrix:
  rows: 3
  cols: 4
  data: [1457.4098354798409, 0.0, 678.41262817382812, 0.0, 0.0, 1457.4098354798409, 510.26323318481445, 0.0, 0.0, 0.0, 1.0, 0.0]
