camera_name: left
frame_id: /head_color_camera_l_link
image_width: 1360
image_height: 1024
camera_matrix:
  rows: 3
  cols: 3
  data: [1448.3810633648307, 0.0, 671.49758607035892, 0.0, 1444.7253996187601, 508.25988535963501, 0.0, 0.0, 1.0]
distortion_model: plumb_bob
distortion_coefficients:
  rows: 1
  cols: 5
  data: [-0.2669236725360033, 0.2610856680931059, -0.0010947915721634279, -0.0013128010912000156, -0.097004317604770504]
rectification_matrix:
  rows: 3
  cols: 3
  data: [0.99975654611949893, 0.0048427807787160297, -0.0215266338645725, -0.0048126951071138981, 0.99998736882808426, 0.001449189459965022, 0.021533380064820824, -0.0013452355236947674, 0.99976722485004965]
projection_matrix:
  rows: 3
  cols: 4
  data: [1457.341677019718, 0.0, 705.7678108215332, 0.0, 0.0, 1457.341677019718, 512.77663040161133, 0.0, 0.0, 0.0, 1.0, 0.0]
