camera_name: left
frame_id: /head_color_camera_l_link
image_width: 1360
image_height: 1024
camera_matrix:
  rows: 3
  cols: 3
  data: [1433.0517562608618, 0.0, 678.9258658150959, 0.0, 1433.7160750910255, 518.5160338564782, 0.0, 0.0, 1.0]
distortion_model: plumb_bob
distortion_coefficients:
  rows: 1
  cols: 5
  data: [-0.26047990311014113, 0.22733201091570196, -0.00018664016200691075, -1.3610080059967092e-05, -0.028060021234917583]
rectification_matrix:
  rows: 3
  cols: 3
  data: [0.999973870179243, 0.005771344387876669, -0.004353222105882931, -0.005761122244686663, 0.9999806266468447, 0.0023570747687628553, 0.004366741259612226, -0.0023319337341113416, 0.9999877467528445]
projection_matrix:
  rows: 3
  cols: 4
  data: [1431.3607178288974, 0.0, 688.6283645629883, 0.0, 0.0, 1431.3607178288974, 527.0478668212891, 0.0, 0.0, 0.0, 1.0, 0.0]
