camera_name: left
frame_id: /head_color_camera_l_link
image_width: 1360
image_height: 1024
camera_matrix:
  rows: 3
  cols: 3
  data: [1432.4443084985226, 0.0, 677.5722093903022, 0.0, 1432.9826903032547, 517.3071727138539, 0.0, 0.0, 1.0]
distortion_model: plumb_bob
distortion_coefficients:
  rows: 1
  cols: 5
  data: [-0.2619621513982997, 0.24938946758825747, -0.00016154737447193046, -0.00011299460398185084, -0.11366770392570506]
rectification_matrix:
  rows: 3
  cols: 3
  data: [0.9999706584281816, 0.005626437020591881, -0.005198604539925822, -0.00561397366608998, 0.9999813399975889, 0.002408932606602229, 0.0052120612415504555, -0.002379677095745623, 0.9999835856425516]
projection_matrix:
  rows: 3
  cols: 4
  data: [1432.3494558793464, 0.0, 687.9200210571289, 0.0, 0.0, 1432.3494558793464, 526.359977722168, 0.0, 0.0, 0.0, 1.0, 0.0]
