camera_name: left
frame_id: /head_color_camera_l_link
image_width: 1360
image_height: 1024
camera_matrix:
  rows: 3
  cols: 3
  data: [1437.9803742684228, 0.0, 667.65039120641688, 0.0, 1433.5897718165531, 506.70392238121764, 0.0, 0.0, 1.0]
distortion_model: plumb_bob
distortion_coefficients:
  rows: 1
  cols: 5
  data: [-0.24912944300778425, 0.15960127254754941, -0.00092320990877580453, -0.0015600127745751516, 0.063678116177538074]
rectification_matrix:
  rows: 3
  cols: 3
  data: [0.99976275567046435, 0.0042911673563930299, -0.021354583979057713, -0.0042275938266655294, 0.99998649951219909, 0.0030212983592265512, 0.021367260578650262, -0.0029303030659220816, 0.99976739969820283]
projection_matrix:
  rows: 3
  cols: 4
  data: [1449.6242541378388, 0.0, 699.17292022705078, 0.0, 0.0, 1449.6242541378388, 512.39850997924805, 0.0, 0.0, 0.0, 1.0, 0.0]
