camera_name: left
frame_id: /head_color_camera_l_link
image_width: 1360
image_height: 1024
camera_matrix:
  rows: 3
  cols: 3
  data: [1433.5245516495766, 0.0, 678.3689687167126, 0.0, 1434.2193247966775, 518.0100045823712, 0.0, 0.0, 1.0]
distortion_model: plumb_bob
distortion_coefficients:
  rows: 1
  cols: 5
  data: [-0.25881485865987347, 0.22808413836675445, -0.00010998764391075809, -9.967187373870595e-05, -0.055162901640797256]
rectification_matrix:
  rows: 3
  cols: 3
  data: [0.9999848442890871, 0.005420398667510767, 0.0009646089443795967, -0.005422484855413929, 0.9999829363108584, 0.0021734178397987023, -0.0009528116934296423, -0.0021786154774985377, 0.9999971728882427]
projection_matrix:
  rows: 3
  cols: 4
  data: [1430.4118608706847, 0.0, 679.0788345336914, 0.0, 0.0, 1430.4118608706847, 526.8466377258301, 0.0, 0.0, 0.0, 1.0, 0.0]
