camera_name: left
frame_id: /head_color_camera_l_link
image_width: 1360
image_height: 1024
camera_matrix:
  rows: 3
  cols: 3
  data: [1432.9156830523873, 0.0, 678.7949141597039, 0.0, 1433.608379940816, 518.5128750179429, 0.0, 0.0, 1.0]
distortion_model: plumb_bob
distortion_coefficients:
  rows: 1
  cols: 5
  data: [-0.2588615969418525, 0.21038082739719283, -6.612655888659848e-05, -7.151994485664603e-05, -0.005688416564646654]
rectification_matrix:
  rows: 3
  cols: 3
  data: [0.9999749459301958, 0.00592328470614153, 0.003875849609028395, -0.005930516015736918, 0.9999806902464199, 0.0018569098203565105, -0.0038647757617879166, -0.0018798490853891426, 0.999990764795219]
projection_matrix:
  rows: 3
  cols: 4
  data: [1428.3239784954906, 0.0, 674.7294921875, 0.0, 0.0, 1428.3239784954906, 527.982349395752, 0.0, 0.0, 0.0, 1.0, 0.0]
