camera_name: left
frame_id: /head_color_camera_l_link
image_width: 1360
image_height: 1024
camera_matrix:
  rows: 3
  cols: 3
  data: [1449.6139611937965, 0.0, 671.92399897094049, 0.0, 1446.0656188671041, 506.21622470742221, 0.0, 0.0, 1.0]
distortion_model: plumb_bob
distortion_coefficients:
  rows: 1
  cols: 5
  data: [-0.25910205468562869, 0.23003018319496468, -0.0012646202578679825, -0.0012794955554131559, -0.053883149234009067]
rectification_matrix:
  rows: 3
  cols: 3
  data: [0.99985580051979528, 0.0064713183714319288, -0.015700325011117754, -0.0064480495126420269, 0.99997803722053313, 0.0015322317227612038, 0.015709895747638782, -0.0014307743027069191, 0.99987556828862123]
projection_matrix:
  rows: 3
  cols: 4
  data: [1449.3462256736998, 0.0, 697.14390182495117, 0.0, 0.0, 1449.3462256736998, 510.33881378173828, 0.0, 0.0, 0.0, 1.0, 0.0]
