camera_name: left
frame_id: /head_color_camera_l_link
image_width: 1360
image_height: 1024
camera_matrix:
  rows: 3
  cols: 3
  data: [1447.7801275414379, 0.0, 670.97135162369273, 0.0, 1444.0893648370802, 505.13049313778743, 0.0, 0.0, 1.0]
distortion_model: plumb_bob
distortion_coefficients:
  rows: 1
  cols: 5
  data: [-0.254193136484413, 0.18322731989382063, -0.0013491112379943758, -0.0014810531947574588, 0.043316591529309743]
rectification_matrix:
  rows: 3
  cols: 3
  data: [0.99965348589847947, 0.0051667750552415927, -0.025811093865759856, -0.00510765996263757, 0.99998418111462295, 0.0023557016413442954, 0.025822856943502646, -0.0022230510667765268, 0.9996640626246549]
projection_matrix:
  rows: 3
  cols: 4
  data: [1455.2894559965571, 0.0, 709.71064758300781, 0.0, 0.0, 1455.2894559965571, 509.96799468994141, 0.0, 0.0, 0.0, 1.0, 0.0]
