camera_name: left
frame_id: /head_color_camera_l_link
image_width: 1360
image_height: 1024
camera_matrix:
  rows: 3
  cols: 3
  data: [1434.2309841813926, 0.0, 677.6320163625425, 0.0, 1435.0022036631149, 518.515731729892, 0.0, 0.0, 1.0]
distortion_model: plumb_bob
distortion_coefficients:
  rows: 1
  cols: 5
  data: [-0.25909186539658136, 0.21418634241272128, -0.00017354541097129833, 2.839457533196107e-05, -0.028499269060063833]
rectification_matrix:
  rows: 3
  cols: 3
  data: [0.999963233403448, 0.005729035120523471, 0.0063804386925205205, -0.005742449888836374, 0.9999813359453605, 0.0020861520093840647, -0.0063683679695356165, -0.0021227146581353504, 0.9999774687321134]
projection_matrix:
  rows: 3
  cols: 4
  data: [1428.947960014237, 0.0, 669.5677719116211, 0.0, 0.0, 1428.947960014237, 527.3995742797852, 0.0, 0.0, 0.0, 1.0, 0.0]
