camera_name: right
frame_id: /head_color_camera_r_link
image_width: 1360
image_height: 1024
camera_matrix:
  rows: 3
  cols: 3
  data: [1435.605326224703, 0.0, 703.3331038215973, 0.0, 1435.8303133148797, 535.6246006763661, 0.0, 0.0, 1.0]
distortion_model: plumb_bob
distortion_coefficients:
  rows: 1
  cols: 5
  data: [-0.25249643027184365, 0.18396348952941338, -0.00023905411671250632, 7.48000321629779e-05, 0.008935517926985385]
rectification_matrix:
  rows: 3
  cols: 3
  data: [0.9998921830324482, -0.005009341480170542, 0.013803217325685123, 0.005039366573971871, 0.9999850096928958, -0.002141301947852719, -0.013792283898549442, 0.0022106305511744033, 0.9999024382495665]
projection_matrix:
  rows: 3
  cols: 4
  data: [1430.4118608706847, 0.0, 679.0788345336914, -172.32890228679742, 0.0, 1430.4118608706847, 526.8466377258301, 0.0, 0.0, 0.0, 1.0, 0.0]
