camera_name: right
frame_id: /head_color_camera_l_link
image_width: 1360
image_height: 1024
camera_matrix:
  rows: 3
  cols: 3
  data: [1451.4109983883352, 0.0, 696.64154323701734, 0.0, 1449.1732500198921, 527.54120983116411, 0.0, 0.0, 1.0]
distortion_model: plumb_bob
distortion_coefficients:
  rows: 1
  cols: 5
  data: [-0.25487727203749139, 0.18810385698114546, -0.00075949950768961839, -0.0016895132577714454, 0.070534085970076377]
rectification_matrix:
  rows: 3
  cols: 3
  data: [0.99997950391270018, -0.0059298444678969435, 0.0024142698889666539, 0.0059347485732087141, 0.99998033030278555, -0.0020292281548648728, -0.002402189393660735, 0.0020435146484063119, 0.99999502675463281]
projection_matrix:
  rows: 3
  cols: 4
  data: [1454.0804393905191, 0.0, 687.68875122070312, -175.32599715171381, 0.0, 1454.0804393905191, 514.61158752441406, 0.0, 0.0, 0.0, 1.0, 0.0]
