camera_name: right
frame_id: /head_color_camera_l_link
image_width: 1360
image_height: 1024
camera_matrix:
  rows: 3
  cols: 3
  data: [1436.1186727566749, 0.0, 703.0449369063201, 0.0, 1436.422314871114, 535.4212075793671, 0.0, 0.0, 1.0]
distortion_model: plumb_bob
distortion_coefficients:
  rows: 1
  cols: 5
  data: [-0.25733063175596205, 0.21104633270914278, -0.0002798230929139488, -1.8788569083118195e-05, -0.03737711339395077]
rectification_matrix:
  rows: 3
  cols: 3
  data: [0.9999499318546797, -0.005368223271416794, 0.008444877899050109, 0.0053884278971262495, 0.999982670030123, -0.002371599507472991, -0.008432000273904018, 0.002416985381543239, 0.9999615290365156]
projection_matrix:
  rows: 3
  cols: 4
  data: [1432.3494558793464, 0.0, 687.9200210571289, -172.5716358787686, 0.0, 1432.3494558793464, 526.359977722168, 0.0, 0.0, 0.0, 1.0, 0.0]
