camera_name: right
frame_id: /head_color_camera_r_link
image_width: 1360
image_height: 1024
camera_matrix:
  rows: 3
  cols: 3
  data: [1434.5006024151016, 0.0, 704.0272360417872, 0.0, 1434.7153867786421, 536.9931241189081, 0.0, 0.0, 1.0]
distortion_model: plumb_bob
distortion_coefficients:
  rows: 1
  cols: 5
  data: [-0.2594464414543561, 0.213304682117933, -4.366957376864687e-05, -0.0002680647162561218, -0.045265383494604024]
rectification_matrix:
  rows: 3
  cols: 3
  data: [0.9998485115029816, -0.004708413379202519, 0.016756637154344813, 0.004739714298728922, 0.9999870953111567, -0.001828748075065684, -0.016747810413252434, 0.0019078927134874664, 0.999857925303268]
projection_matrix:
  rows: 3
  cols: 4
  data: [1428.3239784954906, 0.0, 674.7294921875, -172.25242061225617, 0.0, 1428.3239784954906, 527.982349395752, 0.0, 0.0, 0.0, 1.0, 0.0]
