camera_name: right
frame_id: /head_color_camera_l_link
image_width: 1360
image_height: 1024
camera_matrix:
  rows: 3
  cols: 3
  data: [1453.5607179024314, 0.0, 695.96790976257216, 0.0, 1451.116538302407, 526.42592773147783, 0.0, 0.0, 1.0]
distortion_model: plumb_bob
distortion_coefficients:
  rows: 1
  cols: 5
  data: [-0.26041162282214519, 0.24883316404166292, -0.00076976231103629102, -0.0010670131252127567, -0.065565650671881012]
rectification_matrix:
  rows: 3
  cols: 3
  data: [0.99998126654456043, -0.0052256546278196814, -0.0031873333128934478, 0.0052209266563222187, 0.99998526097685148, -0.0014898838570191278, 0.003195071953186324, 0.0014732151128904634, 0.99999381055706804]
projection_matrix:
  rows: 3
  cols: 4
  data: [1449.3462256736998, 0.0, 697.14390182495117, -174.45012978318073, 0.0, 1449.3462256736998, 510.33881378173828, 0.0, 0.0, 0.0, 1.0, 0.0]
