camera_name: right
frame_id: /head_color_camera_l_link
image_width: 1360
image_height: 1024
camera_matrix:
  rows: 3
  cols: 3
  data: [1442.9735639863839, 0.0, 692.82661721986221, 0.0, 1439.12257309706, 521.97040484880119, 0.0, 0.0, 1.0]
distortion_model: plumb_bob
distortion_coefficients:
  rows: 1
  cols: 5
  data: [-0.25068441435138961, 0.16965369578385334, -0.00052580184659764453, -0.0010766043916773604, 0.1010679791460032]
rectification_matrix:
  rows: 3
  cols: 3
  data: [0.99994147596604543, -0.0071986869121663903, -0.0080761098052905544, 0.0071746203632784391, 0.99996974696184937, -0.0030049931277598293, 0.0080974974831324771, 0.0029468742415749098, 0.99996287254413352]
projection_matrix:
  rows: 3
  cols: 4
  data: [1449.6242541378388, 0.0, 699.17292022705078, -174.55686697377868, 0.0, 1449.6242541378388, 512.39850997924805, 0.0, 0.0, 0.0, 1.0, 0.0]
