camera_name: right
frame_id: /head_color_camera_l_link
image_width: 1360
image_height: 1024
camera_matrix:
  rows: 3
  cols: 3
  data: [1451.0494859961289, 0.0, 696.37618744019369, 0.0, 1448.4835229752618, 526.09467378874524, 0.0, 0.0, 1.0]
distortion_model: plumb_bob
distortion_coefficients:
  rows: 1
  cols: 5
  data: [-0.26537314543993751, 0.22120989272942146, -0.00045597094260547034, -0.001799700944002483, 0.023047177963633099]
rectification_matrix:
  rows: 3
  cols: 3
  data: [0.99992499048277084, -0.006803001066057167, -0.010184919465852753, 0.0067887627947955552, 0.9999759308963464, -0.0014318965400276834, 0.010194415517658713, 0.0013626461318217084, 0.9999471071450593]
projection_matrix:
  rows: 3
  cols: 4
  data: [1457.341677019718, 0.0, 705.7678108215332, -176.08870946969643, 0.0, 1457.341677019718, 512.77663040161133, 0.0, 0.0, 0.0, 1.0, 0.0]
