camera_name: right
frame_id: /head_color_camera_l_link
image_width: 1360
image_height: 1024
camera_matrix:
  rows: 3
  cols: 3
  data: [1452.1079054183424, 0.0, 694.88333581920051, 0.0, 1449.029513990276, 522.20343449230563, 0.0, 0.0, 1.0]
distortion_model: plumb_bob
distortion_coefficients:
  rows: 1
  cols: 5
  data: [-0.25872745434043876, 0.21972816362282724, -0.00085033734158971295, -0.0012395776913742898, 0.01297210665519858]
rectification_matrix:
  rows: 3
  cols: 3
  data: [0.99996804278964901, -0.0040933522462006698, 0.0068671585701316493, 0.0041100678878264029, 0.99998862105259068, -0.0024217983598004093, -0.0068571671553395068, 0.0024499454538004783, 0.99997348816149978]
projection_matrix:
  rows: 3
  cols: 4
  data: [1457.4098354798409, 0.0, 678.41262817382812, -175.54344478585944, 0.0, 1457.4098354798409, 510.26323318481445, 0.0, 0.0, 0.0, 1.0, 0.0]
