camera_name: right
frame_id: /head_color_camera_l_link
image_width: 1360
image_height: 1024
camera_matrix:
  rows: 3
  cols: 3
  data: [1441.7045255024216, 0.0, 694.42457057242973, 0.0, 1437.7953546146566, 520.7852344261961, 0.0, 0.0, 1.0]
distortion_model: plumb_bob
distortion_coefficients:
  rows: 1
  cols: 5
  data: [-0.24971614947142604, 0.19979974617159324, -0.00064257585056299508, -0.00091023926901749954, -0.20101432623999663]
rectification_matrix:
  rows: 3
  cols: 3
  data: [0.99997185779116893, -0.0060357011867442504, 0.0044557756746143023, 0.0060506930075877995, 0.99997605348985086, -0.0033588035058282791, -0.004435396240030717, 0.0033856695123963714, 0.99998443212989419]
projection_matrix:
  rows: 3
  cols: 4
  data: [1431.5662047035387, 0.0, 684.60673522949219, -172.281328893721, 0.0, 1431.5662047035387, 512.86808776855469, 0.0, 0.0, 0.0, 1.0, 0.0]
