camera_name: right
frame_id: /head_color_camera_r_link
image_width: 1360
image_height: 1024
camera_matrix:
  rows: 3
  cols: 3
  data: [1436.7905403497525, 0.0, 703.2511489898351, 0.0, 1436.9707887675595, 535.6022608359367, 0.0, 0.0, 1.0]
distortion_model: plumb_bob
distortion_coefficients:
  rows: 1
  cols: 5
  data: [-0.2567157065037791, 0.2046927975450455, -0.0002185578572917567, 8.825237425363256e-05, -0.026016414539584636]
rectification_matrix:
  rows: 3
  cols: 3
  data: [0.9999559817481368, -0.00503354212349535, 0.00791820811867997, 0.005052092887220942, 0.9999845363087011, -0.002324543166091865, -0.007906384988009564, 0.0023644443666812624, 0.9999659486598822]
projection_matrix:
  rows: 3
  cols: 4
  data: [1431.3607178288974, 0.0, 688.6283645629883, -172.5172071869366, 0.0, 1431.3607178288974, 527.0478668212891, 0.0, 0.0, 0.0, 1.0, 0.0]
