camera_name: right
frame_id: /head_color_camera_l_link
image_width: 1360
image_height: 1024
camera_matrix:
  rows: 3
  cols: 3
  data: [1453.9859778965142, 0.0, 691.84852240682676, 0.0, 1451.4508377041486, 521.99199699900157, 0.0, 0.0, 1.0]
distortion_model: plumb_bob
distortion_coefficients:
  rows: 1
  cols: 5
  data: [-0.26167513312605623, 0.23461430186038379, -0.00075714105781211688, -0.001457226446636727, -0.011167665370037941]
rectification_matrix:
  rows: 3
  cols: 3
  data: [0.99986583343973889, -0.0065045800714763251, -0.015033481231903864, 0.0064701415883786986, 0.9999763345558258, -0.0023382891440873349, 0.015048335046861027, 0.002240706671739371, 0.99988425672471137]
projection_matrix:
  rows: 3
  cols: 4
  data: [1455.2894559965571, 0.0, 709.71064758300781, -175.23332495452988, 0.0, 1455.2894559965571, 509.96799468994141, 0.0, 0.0, 0.0, 1.0, 0.0]
