image_width: 1280
image_height: 1024
camera_name: right
camera_matrix:
  rows: 3
  cols: 3
  data: [523.631759, 0.000000, 640, 0, 522.575452, 480, 0, 0, 1]
distortion_coefficients:
  rows: 1
  cols: 5
  data: [0.208697, -0.445622, 0.000089, 0.002746, 0.000000]
rectification_matrix:
  rows: 3
  cols: 3
  data: [1, 0, 0, 0, 1, 0, 0, 0, 1]
projection_matrix:
  rows: 3
  cols: 4
  data: [523.631759, 0.000000, 640, 0, 0, 522.575452, 480, 0, 0, 0, 1, 0]

