camera_name: right
frame_id: /head_color_camera_r_link
image_width: 1360
image_height: 1024
camera_matrix:
  rows: 3
  cols: 3
  data: [1435.1356081347785, 0.0, 703.4758874740462, 0.0, 1435.37611794621, 536.129702584235, 0.0, 0.0, 1.0]
distortion_model: plumb_bob
distortion_coefficients:
  rows: 1
  cols: 5
  data: [-0.2582626826236083, 0.21282761168496836, -0.00024093271594744712, -3.029823723985778e-05, -0.04514983613469652]
rectification_matrix:
  rows: 3
  cols: 3
  data: [0.9997936154577416, -0.004927353793065317, 0.019709075943210978, 0.004968821838831225, 0.9999855425735509, -0.0020555907703086493, -0.019698662377716065, 0.0021530974151182892, 0.9998036441582165]
projection_matrix:
  rows: 3
  cols: 4
  data: [1428.947960014237, 0.0, 669.5677719116211, -172.3009813647881, 0.0, 1428.947960014237, 527.3995742797852, 0.0, 0.0, 0.0, 1.0, 0.0]
