image_width: 2048
image_height: 1536
camera_name: head_cam
camera_matrix:
  rows: 3
  cols: 3
  data: [1182.989015193455, 0, 998.0055742370572, 0, 1177.237441969406, 776.2171064892556, 0, 0, 1]
distortion_model: plumb_bob
distortion_coefficients:
  rows: 1
  cols: 5
  data: [-0.314506736142634, 0.07719343667487186, 0.000697588514197589, 0.005674847262889707, 0]
rectification_matrix:
  rows: 3
  cols: 3
  data: [1, 0, 0, 0, 1, 0, 0, 0, 1]
projection_matrix:
  rows: 3
  cols: 4
  data: [829.1065858123269, 0, 1028.690040579747, 0, 0, 985.9100177818124, 781.6764830708327, 0, 0, 0, 1, 0]