camera_name: rgb_cob35
frame_id: /head_cam3d_link
image_width: 640
image_height: 480
camera_matrix:
  rows: 3
  cols: 3
  data: [538.6112737628287, 0.0, 323.898138929227, 0.0, 538.9593732148463, 239.6573193402069, 0.0, 0.0, 1.0]
distortion_model: plumb_bob
distortion_coefficients:
  rows: 1
  cols: 5
  data: [0.03541464327553397, -0.13402411449768298, 0.0007719673766183146, 0.001040249551692691, 0.02944929181852375]
rectification_matrix:
  rows: 3
  cols: 3
  data: [1, 0, 0, 0, 1, 0, 0, 0, 1]
projection_matrix:
  rows: 3
  cols: 4
  data: [536.111083984375, 0.0, 324.1491287842946, 0.0, 0.0, 538.9052734375, 239.40573800896527, 0.0, 0.0, 0.0, 1.0, 0.0]
