camera_name: left
frame_id: /head_color_camera_l_link
image_width: 1360
image_height: 1024
camera_matrix:
  rows: 3
  cols: 3
  data: [1431.9884102338356, 0.0, 688.4943684285295, 0.0, 1432.7016808562605, 512.5344475338039, 0.0, 0.0, 1.0]
distortion_model: plumb_bob
distortion_coefficients:
  rows: 1
  cols: 5
  data: [-0.26022831399182483, 0.21797607901506577, -0.0004800999833505812, 0.00018391002047053013, -0.038326370993029275]
rectification_matrix:
  rows: 3
  cols: 3
  data: [0.9998871906043078, -0.011551844357931306, -0.009600049862098243, 0.011547516845637677, 0.9999331971327511, -0.0005060894928045298, 0.009605254818293791, 0.0003951756636531395, 0.9999537903903711]
projection_matrix:
  rows: 3
  cols: 4
  data: [1425.0093318250076, 0.0, 694.6753005981445, 0.0, 0.0, 1425.0093318250076, 523.2057647705078, 0.0, 0.0, 0.0, 1.0, 0.0]
