camera_name: right
frame_id: /head_color_camera_r_link
image_width: 1360
image_height: 1024
camera_matrix:
  rows: 3
  cols: 3
  data: [1435.739586473271, 0.0, 667.5620571771288, 0.0, 1435.9414270105863, 534.0971690089913, 0.0, 0.0, 1.0]
distortion_model: plumb_bob
distortion_coefficients:
  rows: 1
  cols: 5
  data: [-0.24915776196842512, 0.12654369453331824, 0.0005129087147322289, 0.0007951920119225993, 0.2274184710412126]
rectification_matrix:
  rows: 3
  cols: 3
  data: [0.9999495763553705, -0.002710022717657292, -0.009669566876787822, 0.0027143800421516777, 0.999996220348326, 0.0004375271980184618, 0.009668344620546974, -0.0004637520156491166, 0.9999531529258588]
projection_matrix:
  rows: 3
  cols: 4
  data: [1425.0093318250076, 0.0, 694.6753005981445, -170.72303224298753, 0.0, 1425.0093318250076, 523.2057647705078, 0.0, 0.0, 0.0, 1.0, 0.0]
