image_width: 2048
image_height: 1536
camera_name: head_cam
camera_matrix:
  rows: 3
  cols: 3
  data: [2231.581561, 0.000000, 960.810297, 0.000000, 2141.657597, 694.666463, 0.000000, 0.000000, 1.000000]
distortion_model: plumb_bob
distortion_coefficients:
  rows: 1
  cols: 5
  data: [-0.673240, -0.518701, 0.031812, 0.053300, 0.000000]
rectification_matrix:
  rows: 3
  cols: 3
  data: [1.000000, 0.000000, 0.000000, 0.000000, 1.000000, 0.000000, 0.000000, 0.000000, 1.000000]
projection_matrix:
  rows: 3
  cols: 4
  data: [-665.389587, 0.000000, 1402.237218, 0.000000, 0.000000 -6154.207520, 1537.669129, 0.000000, 0.000000, 0.000000, 1.000000, 0.000000]
