image_width: 2048
image_height: 1536
camera_name: head_cam
camera_matrix:
  rows: 3
  cols: 3
  data: [4391.776603, 0, 1031.986736, 0, 4343.950834, 717.901750, 0, 0, 1]
distortion_model: plumb_bob
distortion_coefficients:
  rows: 1
  cols: 5
  data: [-3.530202, 18.814294, -0.119197, 0.017878, 0]
rectification_matrix:
  rows: 3
  cols: 3
  data: [1, 0, 0, 0, 1, 0, 0, 0, 1]
projection_matrix:
  rows: 3
  cols: 4
  data: [3848.163818, 0, 1048.942233, 0, 0, 3704.441650, 628.178561, 0, 0, 0, 1, 0]
