camera_name: left
frame_id: /head_color_camera_l_link
image_width: 1360
image_height: 1024
camera_matrix:
  rows: 3
  cols: 3
  data: [1444.6335006799131, 0.0, 662.34568106993652, 0.0, 1440.2923964072011, 533.40728644683838, 0.0, 0.0, 1.0]
distortion_model: plumb_bob
distortion_coefficients:
  rows: 1
  cols: 5
  data: [-0.24435689368669408, 0.1132718414735792, -0.00025362688805188795, -0.001148143063837043, 0.12752228075659236]
rectification_matrix:
  rows: 3
  cols: 3
  data: [0.99994123328675277, -0.0062448064069882195, -0.0088618488989116537, 0.0062603667346178846, 0.99997890857070026, 0.001729225867036725, 0.0088508633090785341, -0.001784602670170014, 0.99995923787522145]
projection_matrix:
  rows: 3
  cols: 4
  data: [1397.1187589104036, 0.0, 670.82056427001953, 0.0, 0.0, 1397.1187589104036, 531.80208587646484, 0.0, 0.0, 0.0, 1.0, 0.0]
