camera_name: left
frame_id: /head_color_camera_l_link
image_width: 1360
image_height: 1024
camera_matrix:
  rows: 3
  cols: 3
  data: [1442.3537144221739, 0.0, 674.60960836968479, 0.0, 1437.6552857709269, 538.47182236707135, 0.0, 0.0, 1.0]
distortion_model: plumb_bob
distortion_coefficients:
  rows: 1
  cols: 5
  data: [-0.24865337805031165, 0.1860318880281962, -3.1725715359396149e-05, -0.00024778964072572193, -0.026558000762867566]
rectification_matrix:
  rows: 3
  cols: 3
  data: [0.99996662927694135, -0.005793890791817087, -0.0057594411191439938, 0.0058021921764192094, 0.99998215082773911, 0.001425689965185736, 0.0057510780259260527, -0.0014590597730827907, 0.99998239796814337]
projection_matrix:
  rows: 3
  cols: 4
  data: [1397.3573866688068, 0.0, 680.01871490478516, 0.0, 0.0, 1397.3573866688068, 537.93032836914062, 0.0, 0.0, 0.0, 1.0, 0.0]
