camera_name: right
frame_id: /head_color_camera_l_link
image_width: 1360
image_height: 1024
camera_matrix:
  rows: 3
  cols: 3
  data: [1436.4574036979525, 0.0, 668.5498938299138, 0.0, 1432.8404544028501, 531.26330511242384, 0.0, 0.0, 1.0]
distortion_model: plumb_bob
distortion_coefficients:
  rows: 1
  cols: 5
  data: [-0.24166765799284778, 0.10923252044192371, -0.00087063552816674995, -0.0019099909283545929, 0.19158410189832095]
rectification_matrix:
  rows: 3
  cols: 3
  data: [0.99998180384218704, -0.0059870864688271732, -0.00073944583323108225, 0.0059857780602193553, 0.99998053771710016, -0.0017591611731070992, 0.00074996369198308214, 0.0017547030044874994, 0.99999817928425594]
projection_matrix:
  rows: 3
  cols: 4
  data: [1397.1187589104036, 0.0, 670.82056427001953, -167.64571921496778, 0.0, 1397.1187589104036, 531.80208587646484, 0.0, 0.0, 0.0, 1.0, 0.0]
