camera_name: right
frame_id: /head_color_camera_l_link
image_width: 1360
image_height: 1024
camera_matrix:
  rows: 3
  cols: 3
  data: [1436.5696460504785, 0.0, 676.66940255428767, 0.0, 1432.2267938135872, 537.6265932084284, 0.0, 0.0, 1.0]
distortion_model: plumb_bob
distortion_coefficients:
  rows: 1
  cols: 5
  data: [-0.24757949024710743, 0.15223088440804086, -0.00050705207791806449, -0.00045554271501783945, 0.1439326995442621]
rectification_matrix:
  rows: 3
  cols: 3
  data: [0.99998617510109156, -0.0052376882256871139, -0.00046500402118559905, 0.0052370120591659569, 0.99998524473927564, -0.0014436095120507403, 0.00047255833647378339, 0.0014411543226286567, 0.99999884988075705]
projection_matrix:
  rows: 3
  cols: 4
  data: [1397.3573866688068, 0.0, 680.01871490478516, -167.53226638365442, 0.0, 1397.3573866688068, 537.93032836914062, 0.0, 0.0, 0.0, 1.0, 0.0]
