image_width: 2048
image_height: 1536
camera_name: head_cam
camera_matrix:
  rows: 3
  cols: 3
  data: [959.058925, 0.000000, 1082.102572, 0.000000, 957.113693, 662.624953, 0.000000, 0.000000, 1.000000]
distortion_model: plumb_bob
distortion_coefficients:
  rows: 1
  cols: 5
  data: [-0.275184, 0.042908, 0.003472, -0.003538, 0.000000]
rectification_matrix:
  rows: 3
  cols: 3
  data: [1.000000, 0.000000, 0.000000, 0.000000, 1.000000, 0.000000, 0.000000, 0.000000, 1.000000]
projection_matrix:
  rows: 3
  cols: 4
  data: [691.621887, 0.000000, 1025.768123, 0.000000, 0.000000, 702.348877, 596.512414, 0.000000, 0.000000, 0.000000, 1.000000, 0.000000]
